5183
5252
5489
5638
5669
5799
5778
5944
5871
6090
6122
6034
6169
6159
6071
6032
6204
6162
6161
5968
6133
6155
6153
6094
6040
6183
6159
6181
6189
6291
6268
6461
6245
6381
6398
6438
6594
6485
6736
6523
6750
6705
6599
6415
6630
6641
6611
6697
6632
6463
6728
6621
6489
6582
6616
6397
6551
6483
6551
6550
6506
6456
6524
6614
6430
6432
6666
6582
6658
6603
6610
6532
6671
6562
6531
6657
6517
6567
6618
6508
6520
6636
6683
6576
6673
6613
6630
6598
6729
6578
6683
6559
6731
6645
6589
6585
6793
6603
6700
6679
6628
6757
6606
6619
6826
6693
6750
6874
6917
6862
7086
7023
7045
7075
7102
7345
7499
7658
7650
7825
7972
8177
8309
8402
8677
8528
8999
9205
9296
9198
9302
9483
9511
9526
9526
9424
9455
9508
9408
9424
9276
9109
9186
8937
8941
8716
8717
8503
8296
8190
8216
8140
8021
8124
8003
7874
7594
7760
7551
7533
7380
7528
7455
7167
7086
7165
7142
6973
6768
6827
6800
6730
6746
6602
6744
6570
6603
6548
6498
6551
6595
6602
6419
6329
6285
6181
6277
6111
6161
6176
6181
6329
6123
6178
6034
5797
5964
5923
5689
5767
5957
5765
5623
5755
5718
5577
5663
5513
5572
5598
5495
5584
5507
5626
5553
5408
5316
5520
5442
5426
5458
5476
5406
5284
5380
5267
5402
5233
5325
5457
5295
5164
5348
5172
5222
5199
5359
5299
5345
5202
5093
5170
5121
5151
5091
5108
5132
5125
5138
5070
5018
5122
5066
5223
5092
4982
5195
5078
5066
5076
5104
5133
5126
5152
5144
5031
4984
4999
5151
5020
4989
5006
5088
4941
5010
5084
5049
4988
5026
5110
5082
5036
4921
5087
4943
5049
4961
4993
5001
5126
5020
4978
5027
4924
5072
5013
4934
4930
4921
4995
5101
4965
4997
4944
4930
5049
4894
5073
4863
4917
4929
4872
4901
4942
4952
4957
5024
5032
4987
4971
4928
5034
4958
5109
5012
5014
5095
5013
4891
4927
5053
5027
4949
5028
4947
4844
4974
5050
4949
5033
4993
4957
5026
5072
5039
4949
5065
5048
4993
5037
4969
4926
4961
4980
4944
5009
4873
5011
4851
4957
4975
4993
5082
5167
5021
4987
5076
4903
4998
5021
5143
5067
5060
4940
4996
5032
5182
5083
5043
5083
5090
5019
4935
5172
5065
5042
5083
5190
5171
5033
5098
5133
5218
5268
5304
5250
5144
5099
5242
5231
5211
5077
5063
5160
5222
5176
5168
5191
5127
5193
5397
5123
5209
5178
5238
5307
5181
5288
5239
5273
5241
5290
5278
5281
5316
5307
5352
5237
5290
5361
5260
5395
5329
5523
5355
5518
5315
5418
5395
5301
5423
5510
5482
5439
5554
5425
5543
5454
5322
5338
5394
5445
5454
5541
5745
5553
5721
5546
5617
5677
5571
5608
5694
5577
5640
5610
5654
5680
5718
5700
5665
5687
5752
5681
5898
5797
5784
5765
5803
5702
5792
5684
5892
5729
6026
5903
5844
5880
5882
5942
5833
5872
6037
6035
5838
5962
5878
5809
5983
6141
5996
5990
6146
6015
6182
6201
6112
6201
6097
6074
6104
6116
6003
6242
6256
5971
6135
6128
6123
6114
6115
6128
6109
6088
6301
6352
6181
6090
6208
6082
6416
6344
6164
6257
6205
6198
6246
6170
6386
6321
6262
6328
6352
6183
6291
6296
6223
6085
6373
6337
6377
6187
6242
6169
6184
6128
6088
6006
6116
6008
5972
5898
5835
5820
5680
5617
5770
5731
5503
5568
5472
5306
5326
5214
5206
5206
5087
4994
4982
4991
4851
4941
4889
4817
4713
4702
4631
4612
4689
4586
4629
4442
4406
4402
4431
4418
4333
4417
4324
4229
4223
4159
4358
4254
4140
4235
4219
4185
4235
4224
4226
4059
4251
4202
4168
4216
4306
4220
4118
4260
4289
4191
4295
4216
4274
4265
4351
4380
4374
4294
4326
4320
4403
4391
4513
4378
4379
4439
4446
4425
4367
4464
4442
4659
4629
4482
4632
4746
4611
4712
4717
4720
4800
4746
4756
4903
4899
4932
5135
5121
5193
5401
5472
5477
5652
5748
5837
5892
6088
6267
6326
6643
6670
6979
7015
7264
7530
7512
7754
7973
8170
8361
8448
8631
8877
9023
9150
9085
9466
9674
9466
9621
9719
9734
9745
9667
9814
9664
9626
9604
9706
9516
9254
9151
9278
8884
8541
8550
8442
8149
7960
7868
7460
7457
6995
7029
6638
6445
6089
5913
5771
5311
5180
4952
4810
4559
4431
4183
4037
3808
3667
3507
3420
3285
3084
3005
2966
2865
2809
2805
2679
2625
2634
2641
2514
2570
2627
2609
2731
2648
2820
2822
2983
2954
3050
3070
3286
3266
3452
3678
3798
3904
3976
4119
4294
4420
4633
4646
4818
5103
5319
5262
5521
5579
5754
5728
6170
6137
6431
6479
6399
6622
6560
6699
6778
6810
6925
6947
6900
6823
7046
6823
6794
6867
6707
6626
6440
6399
6219
6357
6198
6108
5863
5767
5638
5392
5230
5001
4819
4619
4589
4299
4090
3880
3752
3715
3483
3226
3037
2894
2760
2564
2538
2382
2201
2047
1935
1793
1709
1559
1530
1326
1282
1196
1084
1033
947
871
893
799
678
718
624
598
600
532
487
432
424
361
389
382
339
328
341
302
294
292
310
277
243
240
258
263
244
220
235
247
228
244
194
224
216
219
208
208
209
230
231
219
191
197
201
217
211
215
222
220
218
200
212
193
213
215
208
216
205
209
193
208
183
192
170
200
201
184
209
201
197
194
193
194
195
167
198
200
173
175
178
192
188
202
171
194
182
167
198
200
202
188
189
188
201
190
219
204
178
167
175
190
182
186
178
200
172
192
188
177
195
187
151
184
197
172
185
172
176
153
157
181
162
177
188
187
181
199
184
172
187
180
160
174
155
168
174
157
184
174
180
149
169
176
178
172
157
169
167
175
183
158
208
160
142
158
184
175
169
169
159
174
154
149
157
192
153
166
157
151
174
152
181
171
131
158
137
149
175
146
168
144
159
158
179
151
